Pick up start location

pose: 
Tra: [0.57575525 0.32240383 0.36945362]
 Rot: [[ 0.99981387 -0.01266928  0.01387308]
 [-0.01286038 -0.99981281  0.01377354]
 [ 0.01369598 -0.01394939 -0.9998089 ]]
 Qtn: [-0.00693122  0.99992944 -0.00638286  0.00689275]
 from franka_tool to world

joints: 
[ 0.4415023   0.31569038  0.07965907 -1.54340035 -0.02054671  1.87695569
  1.32118511]

=======================================================
Top-Left

pose: 
Tra: [0.45309013 0.25281023 0.04604863]
 Rot: [[ 0.99919653 -0.03906237  0.00782182]
 [-0.03914722 -0.99916321  0.0110061 ]
 [ 0.00738535 -0.01130345 -0.99990884]]
 Qtn: [-0.00557859  0.99978355 -0.01955663  0.00380261]
 from franka_tool to world

joints: 
[ 0.44916625  0.44706312  0.05183817 -2.31989099 -0.04625777  2.77819912
  1.3634057 ]

=======================================================
Top-Right

pose: 
Tra: [0.45468584 0.39374847 0.04901705]
 Rot: [[ 0.99842661 -0.05093292  0.02304111]
 [-0.05051292 -0.9985432  -0.01845759]
 [ 0.02394765  0.01726468 -0.99956412]]
 Qtn: [ 0.00893444  0.99956665 -0.02537246  0.01175228]
 from franka_tool to world

joints: 
[ 0.59926791  0.60258953  0.11362476 -2.00697418 -0.18316052  2.60513508
  1.68654133]

=======================================================
Bottom-Left

pose: 
Tra: [0.58410627 0.24772805 0.04621511]
 Rot: [[ 0.99868184 -0.00672708  0.05069648]
 [-0.00467205 -0.99915711 -0.04054641]
 [ 0.05092651  0.04025611 -0.9978907 ]]
 Qtn: [ 0.02021142  0.99946606 -0.00285131  0.02541932]
 from franka_tool to world
Enter a number: 2

joints: 
[ 0.5597778   0.67645762 -0.15261282 -1.8921153   0.07053541  2.59019344
  1.17328181]

======================================================
Dropoff Top-Left

pose: 
Tra: [ 0.60510356 -0.40945833  0.46302854]
 Rot: [[-0.05418246  0.99519061 -0.08149097]
 [-0.03331916 -0.08336658 -0.99596169]
 [-0.99796535 -0.05124845  0.03767665]]
 Qtn: [-0.47437063 -0.49786826 -0.48299563  0.54203913]
 from franka_tool to world

joints: 
[-0.02943953  0.41749774 -0.38229042 -1.6385412  -1.60718611  1.88849189
 -0.34516122]

======================================================
Dropoff Top-Right

pose: 
Tra: [ 0.39279931 -0.39712991  0.46067635]
 Rot: [[-0.00308822  0.99977382  0.02057975]
 [-0.02398899  0.02049966 -0.99950201]
 [-0.99969782 -0.00358037  0.02392072]]
 Qtn: [ 0.51022842  0.48797833  0.49991216 -0.50161985]
 from franka_tool to world

joints: 
[ 0.1947134  -0.30673594 -0.66155764 -2.41789677 -2.0091536   1.8356396
 -0.16607589]


======================================================
Dropoff Bottom-Left

pose: 
Tra: [ 0.60503709 -0.41474504  0.17499234]
 Rot: [[ 0.0049151   0.99854743  0.05347591]
 [-0.04110084  0.05363258 -0.99771448]
 [-0.99913328  0.00270597  0.04130555]]
 Qtn: [ 0.52436944  0.47696355  0.50184522 -0.49566594]
 from franka_tool to world

joints: 
[ 0.01831503  0.86631837 -0.46968239 -1.68346448 -1.68560258  2.02117609
  0.23615894]

======================================================
Dropoff Bottom-Right

pose: 
Tra: [ 0.37279638 -0.41601637  0.1716907 ]
 Rot: [[-0.03741543  0.99380537 -0.10455586]
 [-0.02571732 -0.10555109 -0.99408116]
 [-0.99895918 -0.03450508  0.02950782]]
 Qtn: [-0.47077699 -0.50956148 -0.47496219  0.54140427]
 from franka_tool to world

joints: 
[ 0.14294456  0.56089418 -0.65092059 -2.32918853 -1.79345251  1.94959956
  0.50375787]

======================================================
Dropoff Zone

pose: 
Tra: [ 0.51558882 -0.03430918  0.0531831 ]
 Rot: [[ 0.99972121  0.02277065 -0.00444375]
 [ 0.02251888 -0.99847327 -0.05024758]
 [-0.00558113  0.0501335  -0.99872691]]
 Qtn: [ 0.02510493  0.9996151   0.01132674 -0.00250718]
 from franka_tool to world

joints: 
[ 0.35347486  0.46147583 -0.36934212 -2.31490152  0.28068043  2.72917643
  0.52360444]